# Created by Kalibr and DiffCal using 2024-08-07-camchain.yaml
%YAML 1.2
---
image_width: 1920
image_height: 1080
camera_name: cam2_sensor_frame
camera_matrix:
  rows: 3
  cols: 3
  data: [1106.6532957412633, 0.0, 954.4794988788497, 0.0, 1106.1881636813416, 545.4421255773342, 0.0, 0.0, 1.0]
distortion_model: equidistant
distortion_coefficients:
  rows: 1
  cols: 4
  data: [-0.051935303031318256, 0.03137791398045051, -0.04029852857171246, 0.016662047208253483]
rectification_matrix:
  rows: 3
  cols: 3
  data: [1.0, 0.0, 0.0, 0.0, 1.0, 0.0, 0.0, 0.0, 1.0]
projection_matrix:
  rows: 3
  cols: 4
  data: [1106.6532957412633, 0.0, 954.4794988788497, 0.0, 0.0, 1106.1881636813416, 545.4421255773342, 0.0, 0.0, 0.0, 1.0, 0.0]
