{
 "cells": [
  {
   "cell_type": "code",
   "execution_count": 1,
   "metadata": {},
   "outputs": [
    {
     "data": {
      "text/plain": [
       "[{'id': 0,\n",
       "  'img_name': 'images/econ_cam0_image_raw_image_compressed/1734086204.737390472.jpg',\n",
       "  'width': 1920,\n",
       "  'height': 1080,\n",
       "  'position': [9.28840280216616, -4.876705886976523, 0.2734633504084347],\n",
       "  'rotation': [[-0.6574800679935605, -0.0581168224030482, 0.7512272593196792],\n",
       "   [-0.7434412871977248, -0.1121060235185284, -0.6593385260855414],\n",
       "   [0.12253576082505221, -0.9919952996081364, 0.03050103071028547]],\n",
       "  'fy': 1095.8980818781044,\n",
       "  'fx': 1095.0453018418207},\n",
       " {'id': 1,\n",
       "  'img_name': 'images/econ_cam0_image_raw_image_compressed/1734086205.042916472.jpg',\n",
       "  'width': 1920,\n",
       "  'height': 1080,\n",
       "  'position': [9.195258179253587, -5.200707117638722, 0.27398294539806944],\n",
       "  'rotation': [[-0.7714266556473621,\n",
       "    -0.047411948866245814,\n",
       "    0.6345494638414163],\n",
       "   [-0.6277246416981223, -0.10663472395178426, -0.7710971468321549],\n",
       "   [0.10422422540699668, -0.9931672279895416, 0.05249921985973175]],\n",
       "  'fy': 1095.8980818781044,\n",
       "  'fx': 1095.0453018418207},\n",
       " {'id': 2,\n",
       "  'img_name': 'images/econ_cam0_image_raw_image_compressed/1734086205.382368472.jpg',\n",
       "  'width': 1920,\n",
       "  'height': 1080,\n",
       "  'position': [9.011280779501607, -5.365532545159739, 0.24999375864331252],\n",
       "  'rotation': [[-0.8140540195528774, -0.08012684462601088, 0.5752353796665177],\n",
       "   [-0.5672823564392673, -0.10266169112554017, -0.8170993239796229],\n",
       "   [0.12452622744834055, -0.9914838707440095, 0.03811761708135524]],\n",
       "  'fy': 1095.8980818781044,\n",
       "  'fx': 1095.0453018418207},\n",
       " {'id': 3,\n",
       "  'img_name': 'images/econ_cam0_image_raw_image_compressed/1734086205.721820472.jpg',\n",
       "  'width': 1920,\n",
       "  'height': 1080,\n",
       "  'position': [8.757291828394786, -5.506856426822255, 0.2794139588581783],\n",
       "  'rotation': [[-0.8642917065365499,\n",
       "    -0.08816044423909312,\n",
       "    0.49520458608913037],\n",
       "   [-0.48952151781315306, -0.07888136583046233, -0.8684160372325175],\n",
       "   [0.11562235774299044, -0.9929780794137846, 0.02502007581253992]],\n",
       "  'fy': 1095.8980818781044,\n",
       "  'fx': 1095.0453018418207},\n",
       " {'id': 4,\n",
       "  'img_name': 'images/econ_cam0_image_raw_image_compressed/1734086205.959449472.jpg',\n",
       "  'width': 1920,\n",
       "  'height': 1080,\n",
       "  'position': [8.56824350869259, -5.614230309026081, 0.2534107458411184],\n",
       "  'rotation': [[-0.9159411676367748, -0.10499548623773981, 0.3873341261725871],\n",
       "   [-0.38008072177781804, -0.08281726671104091, -0.9212382673702635],\n",
       "   [0.12880381345687691, -0.9910182885316562, 0.035948983779144066]],\n",
       "  'fy': 1095.8980818781044,\n",
       "  'fx': 1095.0453018418207},\n",
       " {'id': 5,\n",
       "  'img_name': 'images/econ_cam0_image_raw_image_compressed/1734086206.298930472.jpg',\n",
       "  'width': 1920,\n",
       "  'height': 1080,\n",
       "  'position': [8.274854313655734, -5.729460888461454, 0.27726212521312227],\n",
       "  'rotation': [[-0.9819718126988517, -0.1306433863922327, 0.13661502354023838],\n",
       "   [-0.12680909401219725, -0.0806792342727239, -0.9886406398853792],\n",
       "   [0.14018135660898645, -0.9881412686195918, 0.06265796445885817]],\n",
       "  'fy': 1095.8980818781044,\n",
       "  'fx': 1095.0453018418207},\n",
       " {'id': 6,\n",
       "  'img_name': 'images/econ_cam0_image_raw_image_compressed/1734086206.604469472.jpg',\n",
       "  'width': 1920,\n",
       "  'height': 1080,\n",
       "  'position': [8.003589391356853, -5.781802771323399, 0.25721282341554286],\n",
       "  'rotation': [[-0.9852931747289968,\n",
       "    -0.16011460813613462,\n",
       "    0.05967136745431859],\n",
       "   [-0.050324197120555185, -0.06181456275009585, -0.9968181554406937],\n",
       "   [0.16329370782926014, -0.985161038659887, 0.0528478276748026]],\n",
       "  'fy': 1095.8980818781044,\n",
       "  'fx': 1095.0453018418207},\n",
       " {'id': 7,\n",
       "  'img_name': 'images/econ_cam0_image_raw_image_compressed/1734086206.910008472.jpg',\n",
       "  'width': 1920,\n",
       "  'height': 1080,\n",
       "  'position': [7.73023344049549, -5.810906495762496, 0.2762650167145111],\n",
       "  'rotation': [[-0.991252696724766, -0.12822051397681922, 0.0312664521716011],\n",
       "   [-0.02733727936945662, -0.0322904977546037, -0.9991045975829738],\n",
       "   [0.12911531432233356, -0.9912198664021419, 0.028502842966356613]],\n",
       "  'fy': 1095.8980818781044,\n",
       "  'fx': 1095.0453018418207},\n",
       " {'id': 8,\n",
       "  'img_name': 'images/econ_cam0_image_raw_image_compressed/1734086207.147638472.jpg',\n",
       "  'width': 1920,\n",
       "  'height': 1080,\n",
       "  'position': [7.505919865902317, -5.832572704763246, 0.25593176629568903],\n",
       "  'rotation': [[-0.9902002628017958,\n",
       "    -0.1286848315616709,\n",
       "    -0.05425544832732545],\n",
       "   [0.05504035904846612, -0.002548476749078407, -0.9984808782055244],\n",
       "   [0.12835107488085412, -0.9916822673579496, 0.009606361679927258]],\n",
       "  'fy': 1095.8980818781044,\n",
       "  'fx': 1095.0453018418207},\n",
       " {'id': 9,\n",
       "  'img_name': 'images/econ_cam0_image_raw_image_compressed/1734086207.487104472.jpg',\n",
       "  'width': 1920,\n",
       "  'height': 1080,\n",
       "  'position': [7.183044570566955, -5.845990557966116, 0.27666491580592134],\n",
       "  'rotation': [[-0.9669887288121228, -0.1389596392379747, -0.2135954517614196],\n",
       "   [0.21665781166635997, -0.007118298324198868, -0.9762216564248669],\n",
       "   [0.1341349730467677, -0.9902724617456645, 0.03699000559506998]],\n",
       "  'fy': 1095.8980818781044,\n",
       "  'fx': 1095.0453018418207},\n",
       " {'id': 10,\n",
       "  'img_name': 'images/econ_cam0_image_raw_image_compressed/1734086207.826556472.jpg',\n",
       "  'width': 1920,\n",
       "  'height': 1080,\n",
       "  'position': [6.872231380941574, -5.810039496376294, 0.259525218829983],\n",
       "  'rotation': [[-0.958018881600894, -0.1414370351764647, -0.2493900310290352],\n",
       "   [0.2513827465054998, 0.0038900077835760986, -0.9678799422442822],\n",
       "   [0.13786419859964835, -0.9899396107439761, 0.03182812945401483]],\n",
       "  'fy': 1095.8980818781044,\n",
       "  'fx': 1095.0453018418207},\n",
       " {'id': 11,\n",
       "  'img_name': 'images/econ_cam0_image_raw_image_compressed/1734086208.165994472.jpg',\n",
       "  'width': 1920,\n",
       "  'height': 1080,\n",
       "  'position': [6.570764307684255, -5.764994862461674, 0.28318986239365046],\n",
       "  'rotation': [[-0.9644315381779347,\n",
       "    -0.1282152551989379,\n",
       "    -0.23115504861891328],\n",
       "   [0.2313853891933725, 0.013302715076313448, -0.97277121639131],\n",
       "   [0.12779909951002183, -0.9916571414081928, 0.016837578761743115]],\n",
       "  'fy': 1095.8980818781044,\n",
       "  'fx': 1095.0453018418207},\n",
       " {'id': 12,\n",
       "  'img_name': 'images/econ_cam0_image_raw_image_compressed/1734086208.505432472.jpg',\n",
       "  'width': 1920,\n",
       "  'height': 1080,\n",
       "  'position': [6.248191470390019, -5.740801520738941, 0.26013638278976814],\n",
       "  'rotation': [[-0.9366738693107698,\n",
       "    -0.14643406260938555,\n",
       "    -0.31811810363149795],\n",
       "   [0.3181466780551477, 0.023860247274571814, -0.9477411987681396],\n",
       "   [0.1463719706530732, -0.9889326336549453, 0.02423824043591105]],\n",
       "  'fy': 1095.8980818781044,\n",
       "  'fx': 1095.0453018418207},\n",
       " {'id': 13,\n",
       "  'img_name': 'images/econ_cam0_image_raw_image_compressed/1734086208.810943472.jpg',\n",
       "  'width': 1920,\n",
       "  'height': 1080,\n",
       "  'position': [5.974982901920703, -5.704227219553008, 0.2734766745569511],\n",
       "  'rotation': [[-0.9167875064166968,\n",
       "    -0.12285008227459966,\n",
       "    -0.3800112174178241],\n",
       "   [0.38172137060897443, 0.010231124414739097, -0.9242208173989672],\n",
       "   [0.11742854550175898, -0.9923725013211182, 0.03751473474525892]],\n",
       "  'fy': 1095.8980818781044,\n",
       "  'fx': 1095.0453018418207},\n",
       " {'id': 14,\n",
       "  'img_name': 'images/econ_cam0_image_raw_image_compressed/1734086209.150395472.jpg',\n",
       "  'width': 1920,\n",
       "  'height': 1080,\n",
       "  'position': [5.657428116966607, -5.61671043199654, 0.26095448816505656],\n",
       "  'rotation': [[-0.9261869536797461,\n",
       "    -0.12545775946568413,\n",
       "    -0.3555813232205589],\n",
       "   [0.356776027028045, 0.013582925723475367, -0.9340912004011572],\n",
       "   [0.12201882384090054, -0.9920059751426107, 0.032179992384122474]],\n",
       "  'fy': 1095.8980818781044,\n",
       "  'fx': 1095.0453018418207},\n",
       " {'id': 15,\n",
       "  'img_name': 'images/econ_cam0_image_raw_image_compressed/1734086209.489847472.jpg',\n",
       "  'width': 1920,\n",
       "  'height': 1080,\n",
       "  'position': [5.344602305133761, -5.549893339003555, 0.2705177295094789],\n",
       "  'rotation': [[-0.9406906880428831,\n",
       "    -0.10472048759334884,\n",
       "    -0.32269900667281026],\n",
       "   [0.3195026905493681, 0.046448169759636955, -0.9464462997221209],\n",
       "   [0.1141010962310262, -0.9934164217508142, -0.010234883227808973]],\n",
       "  'fy': 1095.8980818781044,\n",
       "  'fx': 1095.0453018418207},\n",
       " {'id': 16,\n",
       "  'img_name': 'images/econ_cam0_image_raw_image_compressed/1734086209.523788472.jpg',\n",
       "  'width': 1920,\n",
       "  'height': 1080,\n",
       "  'position': [5.309750669975855, -5.544757658123781, 0.26561270387065],\n",
       "  'rotation': [[-0.9393542763059801,\n",
       "    -0.10832464395137402,\n",
       "    -0.32539101877353055],\n",
       "   [0.3218134735657202, 0.049507642866245094, -0.9455078431876669],\n",
       "   [0.11853114281585919, -0.9928820497977775, -0.011644886093474915]],\n",
       "  'fy': 1095.8980818781044,\n",
       "  'fx': 1095.0453018418207},\n",
       " {'id': 17,\n",
       "  'img_name': 'images/econ_cam0_image_raw_image_compressed/1734086209.829300472.jpg',\n",
       "  'width': 1920,\n",
       "  'height': 1080,\n",
       "  'position': [4.9880859638273956, -5.490307968365005, 0.2708662459992679],\n",
       "  'rotation': [[-0.9055440197065615,\n",
       "    -0.12801512974593832,\n",
       "    -0.40447763217490007],\n",
       "   [0.40480265419678546, 0.024645586601364143, -0.9140718824120525],\n",
       "   [0.12698361913617415, -0.9914659457677836, 0.029503200739475943]],\n",
       "  'fy': 1095.8980818781044,\n",
       "  'fx': 1095.0453018418207},\n",
       " {'id': 18,\n",
       "  'img_name': 'images/econ_cam0_image_raw_image_compressed/1734086210.134783472.jpg',\n",
       "  'width': 1920,\n",
       "  'height': 1080,\n",
       "  'position': [4.690041667997618, -5.416883350075221, 0.2619418938552656],\n",
       "  'rotation': [[-0.9005283039335895,\n",
       "    -0.10218144054821846,\n",
       "    -0.4226200740878054],\n",
       "   [0.4231494389736641, 0.01751316476378493, -0.9058906343241601],\n",
       "   [0.09996662498436468, -0.9946116037265231, 0.027466918680259498]],\n",
       "  'fy': 1095.8980818781044,\n",
       "  'fx': 1095.0453018418207},\n",
       " {'id': 19,\n",
       "  'img_name': 'images/econ_cam0_image_raw_image_compressed/1734086210.440265472.jpg',\n",
       "  'width': 1920,\n",
       "  'height': 1080,\n",
       "  'position': [4.398475664159018, -5.322310612808453, 0.27545262758153216],\n",
       "  'rotation': [[-0.9263726476546971,\n",
       "    -0.09785248334014628,\n",
       "    -0.3636737675189046],\n",
       "   [0.36332790051747726, 0.021967350224760675, -0.9314023149153462],\n",
       "   [0.09912897852187363, -0.9949584549257672, 0.01520258494272659]],\n",
       "  'fy': 1095.8980818781044,\n",
       "  'fx': 1095.0453018418207},\n",
       " {'id': 20,\n",
       "  'img_name': 'images/econ_cam0_image_raw_image_compressed/1734086210.779732472.jpg',\n",
       "  'width': 1920,\n",
       "  'height': 1080,\n",
       "  'position': [4.067840441486825, -5.241109786138439, 0.2634194579338626],\n",
       "  'rotation': [[-0.9238419399123198,\n",
       "    -0.09630163099969526,\n",
       "    -0.37046196285967037],\n",
       "   [0.36837916710863033, 0.03923584413270328, -0.928847316718709],\n",
       "   [0.10398489938155948, -0.9945785762834392, -0.0007722037387834291]],\n",
       "  'fy': 1095.8980818781044,\n",
       "  'fx': 1095.0453018418207},\n",
       " {'id': 21,\n",
       "  'img_name': 'images/econ_cam0_image_raw_image_compressed/1734086211.085229472.jpg',\n",
       "  'width': 1920,\n",
       "  'height': 1080,\n",
       "  'position': [3.7560448704104754, -5.164311983373744, 0.2866132203057537],\n",
       "  'rotation': [[-0.8904647899993081,\n",
       "    -0.10239268150816067,\n",
       "    -0.44338267506191137],\n",
       "   [0.4433226710838827, 0.024596830403444812, -0.8960245561574501],\n",
       "   [0.10265216546444429, -0.994439910053731, 0.023490385645787055]],\n",
       "  'fy': 1095.8980818781044,\n",
       "  'fx': 1095.0453018418207},\n",
       " {'id': 22,\n",
       "  'img_name': 'images/econ_cam0_image_raw_image_compressed/1734086211.424723472.jpg',\n",
       "  'width': 1920,\n",
       "  'height': 1080,\n",
       "  'position': [3.4161695461117936, -5.053793705775492, 0.26630625060066976],\n",
       "  'rotation': [[-0.901714835752665,\n",
       "    -0.12732984503835323,\n",
       "    -0.41315549802229673],\n",
       "   [0.4122509424574502, 0.03462636690282534, -0.9104120908457083],\n",
       "   [0.1302287043108667, -0.9912558324053481, 0.02126873987553007]],\n",
       "  'fy': 1095.8980818781044,\n",
       "  'fx': 1095.0453018418207},\n",
       " {'id': 23,\n",
       "  'img_name': 'images/econ_cam0_image_raw_image_compressed/1734086211.628397472.jpg',\n",
       "  'width': 1920,\n",
       "  'height': 1080,\n",
       "  'position': [3.221588006968933, -4.982465849764943, 0.2948917000444948],\n",
       "  'rotation': [[-0.9182755090293929,\n",
       "    -0.10337331954936967,\n",
       "    -0.3822094273067459],\n",
       "   [0.3810990628486587, 0.03107300203920272, -0.9240118899885134],\n",
       "   [0.1073945706853044, -0.9941571431869382, 0.010861898439200738]],\n",
       "  'fy': 1095.8980818781044,\n",
       "  'fx': 1095.0453018418207},\n",
       " {'id': 24,\n",
       "  'img_name': 'images/econ_cam0_image_raw_image_compressed/1734086211.662338472.jpg',\n",
       "  'width': 1920,\n",
       "  'height': 1080,\n",
       "  'position': [3.1917586308675676, -4.973094816922918, 0.2982139803096848],\n",
       "  'rotation': [[-0.920563982891857,\n",
       "    -0.09950497289642453,\n",
       "    -0.37770453236778173],\n",
       "   [0.3761091226039726, 0.03505947287081961, -0.9259118539343208],\n",
       "   [0.10537495573594681, -0.994419224336951, 0.0051502400667545]],\n",
       "  'fy': 1095.8980818781044,\n",
       "  'fx': 1095.0453018418207},\n",
       " {'id': 25,\n",
       "  'img_name': 'images/econ_cam0_image_raw_image_compressed/1734086211.967849472.jpg',\n",
       "  'width': 1920,\n",
       "  'height': 1080,\n",
       "  'position': [2.902127106053673, -4.891307542359255, 0.27819088353547183],\n",
       "  'rotation': [[-0.9152207805762028,\n",
       "    -0.10768869188547373,\n",
       "    -0.38829636676317547],\n",
       "   [0.38586182497429694, 0.0434501103730216, -0.9215328208675357],\n",
       "   [0.11611018400205882, -0.9932347323511035, 0.0017865112483040763]],\n",
       "  'fy': 1095.8980818781044,\n",
       "  'fx': 1095.0453018418207},\n",
       " {'id': 26,\n",
       "  'img_name': 'images/econ_cam0_image_raw_image_compressed/1734086212.273346472.jpg',\n",
       "  'width': 1920,\n",
       "  'height': 1080,\n",
       "  'position': [2.611611814871988, -4.81021446675111, 0.30208255387310123],\n",
       "  'rotation': [[-0.8903450323936258,\n",
       "    -0.10300013274795518,\n",
       "    -0.44348246407935293],\n",
       "   [0.441729954190466, 0.04050197668221343, -0.8962333610481821],\n",
       "   [0.11027407158022103, -0.9938564094167406, 0.009437510179236337]],\n",
       "  'fy': 1095.8980818781044,\n",
       "  'fx': 1095.0453018418207},\n",
       " {'id': 27,\n",
       "  'img_name': 'images/econ_cam0_image_raw_image_compressed/1734086212.578858472.jpg',\n",
       "  'width': 1920,\n",
       "  'height': 1080,\n",
       "  'position': [2.3399665446677367, -4.706127379194765, 0.27721226229421303],\n",
       "  'rotation': [[-0.8976239984178258,\n",
       "    -0.10932823864847405,\n",
       "    -0.4269876973619014],\n",
       "   [0.4254026987718991, 0.038617695251664266, -0.9041798590385848],\n",
       "   [0.1153416721830459, -0.9932552591592316, 0.011844357751558588]],\n",
       "  'fy': 1095.8980818781044,\n",
       "  'fx': 1095.0453018418207},\n",
       " {'id': 28,\n",
       "  'img_name': 'images/econ_cam0_image_raw_image_compressed/1734086212.918296472.jpg',\n",
       "  'width': 1920,\n",
       "  'height': 1080,\n",
       "  'position': [2.0484411949008012, -4.591500108499966, 0.3016671509993372],\n",
       "  'rotation': [[-0.922322652930541, -0.08940212468666156, -0.3759364095065562],\n",
       "   [0.3741232789523649, 0.03688198293415251, -0.9266452889216977],\n",
       "   [0.09670933790023269, -0.995312503406019, -0.0005696723120853344]],\n",
       "  'fy': 1095.8980818781044,\n",
       "  'fx': 1095.0453018418207},\n",
       " {'id': 29,\n",
       "  'img_name': 'images/econ_cam0_image_raw_image_compressed/1734086213.257748472.jpg',\n",
       "  'width': 1920,\n",
       "  'height': 1080,\n",
       "  'position': [1.7237679632537266, -4.498977106411204, 0.28260592077630653],\n",
       "  'rotation': [[-0.9018165185820373, -0.1275392396459271, -0.412868876476676],\n",
       "   [0.4107646822063152, 0.043626491188497055, -0.9106970435433097],\n",
       "   [0.13416162888292185, -0.9908735901300018, 0.013045524840433993]],\n",
       "  'fy': 1095.8980818781044,\n",
       "  'fx': 1095.0453018418207},\n",
       " {'id': 30,\n",
       "  'img_name': 'images/econ_cam0_image_raw_image_compressed/1734086213.597186472.jpg',\n",
       "  'width': 1920,\n",
       "  'height': 1080,\n",
       "  'position': [1.415689859784204, -4.388556679361977, 0.29791129667401445],\n",
       "  'rotation': [[-0.8873617317293366,\n",
       "    -0.09097530805221771,\n",
       "    -0.45200956891101063],\n",
       "   [0.4522193857275778, 0.019478373510988908, -0.8916940171031422],\n",
       "   [0.08992654910806766, -0.9956626367852571, 0.023856434673768752]],\n",
       "  'fy': 1095.8980818781044,\n",
       "  'fx': 1095.0453018418207},\n",
       " {'id': 31,\n",
       "  'img_name': 'images/econ_cam0_image_raw_image_compressed/1734086213.732964472.jpg',\n",
       "  'width': 1920,\n",
       "  'height': 1080,\n",
       "  'position': [1.2930111187467201, -4.335103180297827, 0.282158093008115],\n",
       "  'rotation': [[-0.8974575865967704,\n",
       "    -0.08368394872315325,\n",
       "    -0.4330899178992779],\n",
       "   [0.4322623010380646, 0.02871302424113693, -0.9012906664002501],\n",
       "   [0.08785888322292933, -0.9960785907572905, 0.010404694795674975]],\n",
       "  'fy': 1095.8980818781044,\n",
       "  'fx': 1095.0453018418207},\n",
       " {'id': 32,\n",
       "  'img_name': 'images/econ_cam0_image_raw_image_compressed/1734086214.038475472.jpg',\n",
       "  'width': 1920,\n",
       "  'height': 1080,\n",
       "  'position': [1.031804817022685, -4.206742741531191, 0.3050957468945548],\n",
       "  'rotation': [[-0.9204505432642369,\n",
       "    -0.07755045031269056,\n",
       "    -0.38308840371495667],\n",
       "   [0.3812398533491238, 0.03797254170664406, -0.9236959782821821],\n",
       "   [0.08617987945520263, -0.9962650318728635, -0.005386524338637403]],\n",
       "  'fy': 1095.8980818781044,\n",
       "  'fx': 1095.0453018418207},\n",
       " {'id': 33,\n",
       "  'img_name': 'images/econ_cam0_image_raw_image_compressed/1734086214.377927472.jpg',\n",
       "  'width': 1920,\n",
       "  'height': 1080,\n",
       "  'position': [0.7072357781950196, -4.090863708335047, 0.2758610638856315],\n",
       "  'rotation': [[-0.9165410950964155,\n",
       "    -0.09313521886824519,\n",
       "    -0.38894505011097247],\n",
       "   [0.38577125486905217, 0.050692532896803394, -0.921200741437643],\n",
       "   [0.10551284242318384, -0.9943621564173035, -0.010532899359140178]],\n",
       "  'fy': 1095.8980818781044,\n",
       "  'fx': 1095.0453018418207},\n",
       " {'id': 34,\n",
       "  'img_name': 'images/econ_cam0_image_raw_image_compressed/1734086214.717351472.jpg',\n",
       "  'width': 1920,\n",
       "  'height': 1080,\n",
       "  'position': [0.3691091834247805, -3.975031103761692, 0.30450366704926995],\n",
       "  'rotation': [[-0.8918341003211274,\n",
       "    -0.09918352906202245,\n",
       "    -0.4413553727634999],\n",
       "   [0.43786524169165225, 0.055751056886044745, -0.8973103419522143],\n",
       "   [0.11360443487257013, -0.9935061384907955, -0.006291673735344123]],\n",
       "  'fy': 1095.8980818781044,\n",
       "  'fx': 1095.0453018418207},\n",
       " {'id': 35,\n",
       "  'img_name': 'images/econ_cam0_image_raw_image_compressed/1734086215.056761472.jpg',\n",
       "  'width': 1920,\n",
       "  'height': 1080,\n",
       "  'position': [0.022797691522671134, -3.832168434838224, 0.2910956767846424],\n",
       "  'rotation': [[-0.9207419231937247, -0.0941527783907462, -0.3786417372594099],\n",
       "   [0.377002394578505, 0.0353214345968813, -0.9255385409263579],\n",
       "   [0.10051619449419173, -0.9949309777966115, 0.002973897288836894]],\n",
       "  'fy': 1095.8980818781044,\n",
       "  'fx': 1095.0453018418207},\n",
       " {'id': 36,\n",
       "  'img_name': 'images/econ_cam0_image_raw_image_compressed/1734086215.396199472.jpg',\n",
       "  'width': 1920,\n",
       "  'height': 1080,\n",
       "  'position': [-0.312397218829315, -3.717460411161728, 0.29491783957326695],\n",
       "  'rotation': [[-0.9337796846253749,\n",
       "    -0.07757516010481583,\n",
       "    -0.34933879703755305],\n",
       "   [0.3478538334506009, 0.032335865750875145, -0.9369909830621965],\n",
       "   [0.08398339797039706, -0.9964619843831736, -0.0032097576999351564]],\n",
       "  'fy': 1095.8980818781044,\n",
       "  'fx': 1095.0453018418207},\n",
       " {'id': 37,\n",
       "  'img_name': 'images/econ_cam0_image_raw_image_compressed/1734086215.735623472.jpg',\n",
       "  'width': 1920,\n",
       "  'height': 1080,\n",
       "  'position': [-0.682486217646502, -3.6241128968759133, 0.31076430376727276],\n",
       "  'rotation': [[-0.9159050461944535,\n",
       "    -0.06935283789935133,\n",
       "    -0.3953582302556049],\n",
       "   [0.39226151924730157, 0.05427185869535045, -0.9182513086685753],\n",
       "   [0.08514016016743504, -0.9961148273311964, -0.022503419686913113]],\n",
       "  'fy': 1095.8980818781044,\n",
       "  'fx': 1095.0453018418207},\n",
       " {'id': 38,\n",
       "  'img_name': 'images/econ_cam0_image_raw_image_compressed/1734086215.837460472.jpg',\n",
       "  'width': 1920,\n",
       "  'height': 1080,\n",
       "  'position': [-0.7824300327283079, -3.590784561659541, 0.31489034076258204],\n",
       "  'rotation': [[-0.9159875480088704, -0.0701397724441908, -0.3950281309149685],\n",
       "   [0.3927801557247092, 0.04396342990289315, -0.9185809523934438],\n",
       "   [0.08179585051559529, -0.996567925006946, -0.012720443615685664]],\n",
       "  'fy': 1095.8980818781044,\n",
       "  'fx': 1095.0453018418207},\n",
       " {'id': 39,\n",
       "  'img_name': 'images/econ_cam0_image_raw_image_compressed/1734086216.176912472.jpg',\n",
       "  'width': 1920,\n",
       "  'height': 1080,\n",
       "  'position': [-1.125534158112477, -3.4556182170849854, 0.3050040222637958],\n",
       "  'rotation': [[-0.9327949912100583,\n",
       "    -0.09195561001423667,\n",
       "    -0.3484790813812724],\n",
       "   [0.34515432537994284, 0.05039027205755065, -0.9371922493029281],\n",
       "   [0.1037400407024329, -0.9944872981938356, -0.015264916841629613]],\n",
       "  'fy': 1095.8980818781044,\n",
       "  'fx': 1095.0453018418207},\n",
       " {'id': 40,\n",
       "  'img_name': 'images/econ_cam0_image_raw_image_compressed/1734086216.516350472.jpg',\n",
       "  'width': 1920,\n",
       "  'height': 1080,\n",
       "  'position': [-1.4537351801097234, -3.3342133999043564, 0.3170590232292556],\n",
       "  'rotation': [[-0.9443758051406537,\n",
       "    -0.07883928618851337,\n",
       "    -0.31927841395595385],\n",
       "   [0.3157108293821545, 0.054525872051970924, -0.9472874967441539],\n",
       "   [0.09209240400693142, -0.9953950453112866, -0.026602497889604722]],\n",
       "  'fy': 1095.8980818781044,\n",
       "  'fx': 1095.0453018418207},\n",
       " {'id': 41,\n",
       "  'img_name': 'images/econ_cam0_image_raw_image_compressed/1734086216.855816472.jpg',\n",
       "  'width': 1920,\n",
       "  'height': 1080,\n",
       "  'position': [-1.8164963165653663, -3.2150676739276887, 0.32274874639625095],\n",
       "  'rotation': [[-0.9234495582005302,\n",
       "    -0.07241845640368116,\n",
       "    -0.37682420388206816],\n",
       "   [0.3761694130747355, 0.02300141058461206, -0.9262653549486388],\n",
       "   [0.07574619545729934, -0.9971090724104494, 0.006000965798801627]],\n",
       "  'fy': 1095.8980818781044,\n",
       "  'fx': 1095.0453018418207},\n",
       " {'id': 42,\n",
       "  'img_name': 'images/econ_cam0_image_raw_image_compressed/1734086217.195310472.jpg',\n",
       "  'width': 1920,\n",
       "  'height': 1080,\n",
       "  'position': [-2.149671889151564, -3.0806778881891392, 0.3059069177662397],\n",
       "  'rotation': [[-0.9244121607418145,\n",
       "    -0.08581257435711288,\n",
       "    -0.3716158758111052],\n",
       "   [0.3703444007247687, 0.03088399590787554, -0.928380958253978],\n",
       "   [0.09114374319974898, -0.9958325064381897, 0.003230665035393974]],\n",
       "  'fy': 1095.8980818781044,\n",
       "  'fx': 1095.0453018418207},\n",
       " {'id': 43,\n",
       "  'img_name': 'images/econ_cam0_image_raw_image_compressed/1734086217.534763472.jpg',\n",
       "  'width': 1920,\n",
       "  'height': 1080,\n",
       "  'position': [-2.472537419189774, -2.9392394075085875, 0.33656716408884363],\n",
       "  'rotation': [[-0.9399899115765564,\n",
       "    -0.08190864596804524,\n",
       "    -0.3312249082571837],\n",
       "   [0.32793250665357043, 0.051216904597451596, -0.9433117723019054],\n",
       "   [0.09422970452147399, -0.9953229638660696, -0.021282866034882896]],\n",
       "  'fy': 1095.8980818781044,\n",
       "  'fx': 1095.0453018418207},\n",
       " {'id': 44,\n",
       "  'img_name': 'images/econ_cam0_image_raw_image_compressed/1734086217.874229472.jpg',\n",
       "  'width': 1920,\n",
       "  'height': 1080,\n",
       "  'position': [-2.8294624923082443, -2.831285231668109, 0.3201840892501291],\n",
       "  'rotation': [[-0.9286455476462768,\n",
       "    -0.11725276479471008,\n",
       "    -0.35195061583231263],\n",
       "   [0.3448988397600359, 0.07648128249099209, -0.9355187885663838],\n",
       "   [0.13660979894915615, -0.9901527167950054, -0.030583659927185616]],\n",
       "  'fy': 1095.8980818781044,\n",
       "  'fx': 1095.0453018418207},\n",
       " {'id': 45,\n",
       "  'img_name': 'images/econ_cam0_image_raw_image_compressed/1734086218.213695472.jpg',\n",
       "  'width': 1920,\n",
       "  'height': 1080,\n",
       "  'position': [-3.1722372827995575, -2.7180098019511485, 0.3382476785128872],\n",
       "  'rotation': [[-0.9330545932377665, -0.1067498356869583, -0.3435310737309139],\n",
       "   [0.3403924646823811, 0.04692583828232965, -0.9391117801885754],\n",
       "   [0.11637051183766935, -0.9931779489508961, -0.007447529276938184]],\n",
       "  'fy': 1095.8980818781044,\n",
       "  'fx': 1095.0453018418207},\n",
       " {'id': 46,\n",
       "  'img_name': 'images/econ_cam0_image_raw_image_compressed/1734086218.553175472.jpg',\n",
       "  'width': 1920,\n",
       "  'height': 1080,\n",
       "  'position': [-3.514213487995578, -2.589827967565783, 0.3335090293129479],\n",
       "  'rotation': [[-0.9599062929874501,\n",
       "    -0.11378787644810472,\n",
       "    -0.2561878760919833],\n",
       "   [0.251091672906916, 0.057308312248068434, -0.9662653513109551],\n",
       "   [0.12463097720830427, -0.9918508338055215, -0.026439421313529998]],\n",
       "  'fy': 1095.8980818781044,\n",
       "  'fx': 1095.0453018418207},\n",
       " {'id': 47,\n",
       "  'img_name': 'images/econ_cam0_image_raw_image_compressed/1734086218.892656472.jpg',\n",
       "  'width': 1920,\n",
       "  'height': 1080,\n",
       "  'position': [-3.8447107815006993, -2.5087057336821674, 0.32614795916827194],\n",
       "  'rotation': [[-0.9629879802284921,\n",
       "    -0.10764771936737734,\n",
       "    -0.24711559734353405],\n",
       "   [0.24295844466794803, 0.050366149776017166, -0.968728261754178],\n",
       "   [0.11672764925235542, -0.99291249336069, -0.022348074375142742]],\n",
       "  'fy': 1095.8980818781044,\n",
       "  'fx': 1095.0453018418207},\n",
       " {'id': 48,\n",
       "  'img_name': 'images/econ_cam0_image_raw_image_compressed/1734086219.232122472.jpg',\n",
       "  'width': 1920,\n",
       "  'height': 1080,\n",
       "  'position': [-4.184322013099289, -2.455565534898234, 0.3467944161504179],\n",
       "  'rotation': [[-0.9462595839017691, -0.1121891139300109, -0.3033255719349245],\n",
       "   [0.30304461374579833, 0.019964441804680308, -0.9527672240075679],\n",
       "   [0.11294583637173138, -0.9934862977308877, 0.015106762302476037]],\n",
       "  'fy': 1095.8980818781044,\n",
       "  'fx': 1095.0453018418207},\n",
       " {'id': 49,\n",
       "  'img_name': 'images/econ_cam0_image_raw_image_compressed/1734086219.537647472.jpg',\n",
       "  'width': 1920,\n",
       "  'height': 1080,\n",
       "  'position': [-4.480522910509209, -2.407143154135069, 0.31923558310937755],\n",
       "  'rotation': [[-0.9692147501012401,\n",
       "    -0.10538230620688259,\n",
       "    -0.22252491484035913],\n",
       "   [0.22059224955385603, 0.029802517807947505, -0.9749106981509007],\n",
       "   [0.10937014045414566, -0.9939851002257658, -0.0056385198602679956]],\n",
       "  'fy': 1095.8980818781044,\n",
       "  'fx': 1095.0453018418207},\n",
       " {'id': 50,\n",
       "  'img_name': 'images/econ_cam0_image_raw_image_compressed/1734086220.012892472.jpg',\n",
       "  'width': 1920,\n",
       "  'height': 1080,\n",
       "  'position': [-4.933116495928675, -2.3915558285991945, 0.33414549590493564],\n",
       "  'rotation': [[-0.9954330906964419,\n",
       "    -0.09266698989761533,\n",
       "    0.02293013148333995],\n",
       "   [-0.02642036795811132, 0.036614574220121834, -0.9989801485072847],\n",
       "   [0.09173290632856894, -0.9950237192841155, -0.03889565475113505]],\n",
       "  'fy': 1095.8980818781044,\n",
       "  'fx': 1095.0453018418207},\n",
       " {'id': 51,\n",
       "  'img_name': 'images/econ_cam0_image_raw_image_compressed/1734086220.046833472.jpg',\n",
       "  'width': 1920,\n",
       "  'height': 1080,\n",
       "  'position': [-4.966803242118059, -2.395835228265063, 0.3298099973485199],\n",
       "  'rotation': [[-0.9943761360939364,\n",
       "    -0.09950343510221073,\n",
       "    0.03626522259345926],\n",
       "   [-0.03970708088203932, 0.03283017893806501, -0.9986718815901057],\n",
       "   [0.0981806890112317, -0.994495472967954, -0.036596537425349795]],\n",
       "  'fy': 1095.8980818781044,\n",
       "  'fx': 1095.0453018418207},\n",
       " {'id': 52,\n",
       "  'img_name': 'images/econ_cam0_image_raw_image_compressed/1734086220.352344472.jpg',\n",
       "  'width': 1920,\n",
       "  'height': 1080,\n",
       "  'position': [-5.273191806306859, -2.451002575226842, 0.3425350806369979],\n",
       "  'rotation': [[-0.9854581094010187, -0.1321564634749635, 0.1068034820479234],\n",
       "   [-0.10771085846545153, -0.0002843911620182987, -0.9941822217734045],\n",
       "   [0.13141798044562217, -0.9912288274074045, -0.013954430555793955]],\n",
       "  'fy': 1095.8980818781044,\n",
       "  'fx': 1095.0453018418207},\n",
       " {'id': 53,\n",
       "  'img_name': 'images/econ_cam0_image_raw_image_compressed/1734086220.691796472.jpg',\n",
       "  'width': 1920,\n",
       "  'height': 1080,\n",
       "  'position': [-5.593606434503849, -2.530941335812933, 0.32263969961812194],\n",
       "  'rotation': [[-0.9590599113591786,\n",
       "    -0.11535895611573822,\n",
       "    0.25864337932298015],\n",
       "   [-0.2594070155904531, -0.008605623981836287, -0.965729746615655],\n",
       "   [0.11363136312734341, -0.9932865923185362, -0.021671613554402943]],\n",
       "  'fy': 1095.8980818781044,\n",
       "  'fx': 1095.0453018418207},\n",
       " {'id': 54,\n",
       "  'img_name': 'images/econ_cam0_image_raw_image_compressed/1734086220.929411472.jpg',\n",
       "  'width': 1920,\n",
       "  'height': 1080,\n",
       "  'position': [-5.80747593076339, -2.60725952676202, 0.3375633087383444],\n",
       "  'rotation': [[-0.8985355996246228, -0.1207264449441711, 0.42197026162795337],\n",
       "   [-0.4244904475427957, -0.0052949581129632375, -0.9054169334419917],\n",
       "   [0.11154208242694072, -0.9926716924087867, -0.04648951428158416]],\n",
       "  'fy': 1095.8980818781044,\n",
       "  'fx': 1095.0453018418207},\n",
       " {'id': 55,\n",
       "  'img_name': 'images/econ_cam0_image_raw_image_compressed/1734086221.268849472.jpg',\n",
       "  'width': 1920,\n",
       "  'height': 1080,\n",
       "  'position': [-6.061790789044831, -2.791733575273685, 0.32797859698472326],\n",
       "  'rotation': [[-0.8099233493297135, -0.10476437721372336, 0.5771036245576348],\n",
       "   [-0.5771533878297067, -0.03293193085545206, -0.8159714791871244],\n",
       "   [0.1044898805015625, -0.9939516654229985, -0.03379277549442756]],\n",
       "  'fy': 1095.8980818781044,\n",
       "  'fx': 1095.0453018418207},\n",
       " {'id': 56,\n",
       "  'img_name': 'images/econ_cam0_image_raw_image_compressed/1734086221.608301472.jpg',\n",
       "  'width': 1920,\n",
       "  'height': 1080,\n",
       "  'position': [-6.300121631641487, -3.029550260252486, 0.34744558843338724],\n",
       "  'rotation': [[-0.7689839496440375, -0.0919817410559198, 0.63261603244162],\n",
       "   [-0.6298773083036213, -0.059976964028645115, -0.7743754517481108],\n",
       "   [0.1091707913044511, -0.9939527770966927, -0.011815888782976984]],\n",
       "  'fy': 1095.8980818781044,\n",
       "  'fx': 1095.0453018418207},\n",
       " {'id': 57,\n",
       "  'img_name': 'images/econ_cam0_image_raw_image_compressed/1734086221.947767472.jpg',\n",
       "  'width': 1920,\n",
       "  'height': 1080,\n",
       "  'position': [-6.537206343989151, -3.280111754105243, 0.3195287313193236],\n",
       "  'rotation': [[-0.6686922367341931, -0.07698029132539277, 0.739543593900238],\n",
       "   [-0.7359871093956052, -0.07287340666881133, -0.6730619892728934],\n",
       "   [0.1057055690818818, -0.9943658790143297, -0.007926620789199972]],\n",
       "  'fy': 1095.8980818781044,\n",
       "  'fx': 1095.0453018418207},\n",
       " {'id': 58,\n",
       "  'img_name': 'images/econ_cam0_image_raw_image_compressed/1734086222.117500472.jpg',\n",
       "  'width': 1920,\n",
       "  'height': 1080,\n",
       "  'position': [-6.649458611607921, -3.4086805332428955, 0.33497742474269926],\n",
       "  'rotation': [[-0.6181108757652589, -0.07026089392219087, 0.782944667295179],\n",
       "   [-0.7814909790892286, -0.05266774778247836, -0.6216895993545972],\n",
       "   [0.08491639925752192, -0.996137297328423, -0.022353747076525543]],\n",
       "  'fy': 1095.8980818781044,\n",
       "  'fx': 1095.0453018418207},\n",
       " {'id': 59,\n",
       "  'img_name': 'images/econ_cam0_image_raw_image_compressed/1734086222.422983472.jpg',\n",
       "  'width': 1920,\n",
       "  'height': 1080,\n",
       "  'position': [-6.812744405906118, -3.667303113002977, 0.32274992835329847],\n",
       "  'rotation': [[-0.5599798185903091, -0.06645011240296657, 0.8258371421371157],\n",
       "   [-0.8232346947355056, -0.0676374121402128, -0.5636575359761586],\n",
       "   [0.09331259376581824, -0.9954946323514803, -0.0168284522190024]],\n",
       "  'fy': 1095.8980818781044,\n",
       "  'fx': 1095.0453018418207},\n",
       " {'id': 60,\n",
       "  'img_name': 'images/econ_cam0_image_raw_image_compressed/1734086222.728452472.jpg',\n",
       "  'width': 1920,\n",
       "  'height': 1080,\n",
       "  'position': [-6.977651835997397, -3.966054400226818, 0.34118986682924846],\n",
       "  'rotation': [[-0.5937512593320462, -0.04578957730778116, 0.8033447308917778],\n",
       "   [-0.7976889816037348, -0.0975309727950893, -0.5951302361446938],\n",
       "   [0.10560175504983016, -0.9941785674392791, 0.021383296630255073]],\n",
       "  'fy': 1095.8980818781044,\n",
       "  'fx': 1095.0453018418207},\n",
       " {'id': 61,\n",
       "  'img_name': 'images/econ_cam0_image_raw_image_compressed/1734086223.067890472.jpg',\n",
       "  'width': 1920,\n",
       "  'height': 1080,\n",
       "  'position': [-7.170997171485036, -4.275094225336106, 0.3142365385738444],\n",
       "  'rotation': [[-0.5524866836934545, -0.04304258578462045, 0.8324096348255366],\n",
       "   [-0.8259793295068841, -0.10577183876148714, -0.5536880578018393],\n",
       "   [0.11187766340413027, -0.9934584309038743, 0.022885246278868936]],\n",
       "  'fy': 1095.8980818781044,\n",
       "  'fx': 1095.0453018418207},\n",
       " {'id': 62,\n",
       "  'img_name': 'images/econ_cam0_image_raw_image_compressed/1734086223.407328472.jpg',\n",
       "  'width': 1920,\n",
       "  'height': 1080,\n",
       "  'position': [-7.366166609914732, -4.570050939446224, 0.341020814194722],\n",
       "  'rotation': [[-0.4923134314111792, -0.04845096079922115, 0.869068460853218],\n",
       "   [-0.8654670998116051, -0.07909269699906149, -0.4946827715062483],\n",
       "   [0.09270482401600393, -0.9956891330526041, -0.0029943154668144773]],\n",
       "  'fy': 1095.8980818781044,\n",
       "  'fx': 1095.0453018418207},\n",
       " {'id': 63,\n",
       "  'img_name': 'images/econ_cam0_image_raw_image_compressed/1734086223.746780472.jpg',\n",
       "  'width': 1920,\n",
       "  'height': 1080,\n",
       "  'position': [-7.535248558311352, -4.897800270191043, 0.3219898051232567],\n",
       "  'rotation': [[-0.4996975121067599, -0.07195552483753342, 0.8632061160810149],\n",
       "   [-0.854693124057552, -0.12093636251358048, -0.5048505322476413],\n",
